id	Age	Gender	area	Status	Education	ConsuptionAbility	device	work	ConnectionType	behavior
624218	753	2	523,7589,12527,9019,14605,13489,302,6222,14214,9706,6643,1053,2360,3955,1231,8243,-1	0	6	1	2	0	4	32612,34406,3413,33059,4275,4667,4561,34051,4263,34416,4653,32145,36461,6109,6396,19834,5966,17505,406,4073,29798,15153,15709,15582,2661,9627,10191,36485,6413,36486,35929,6422,35932,20005,35936,6432,36603,36066,36612,33048,33041,36083,20172,36198,20293,32580,6126,20297,36212,6112,36219,6705,30576,6708,30578,19714,6119,7430,36338,7440,20440,19853,20441,30710,35763,6850,19858,6279,19859,19861,35916,35920,7008,669,4100,4104,3438,17100,3453,3451,16482,29698,4238,3251,4248,17531,30383,3635,16332,29832,441,29834,16347,20326,20606,6301,19733,16070,16368,15758,10336,37049,25688,25160,28407,41155,28403,28990,40921,25534,12877,33953,15172,13656,6772,7366,6777,33102,3837,20777,4132,3980,34303,34180,32232,28513,17403,4092,5606,33217,28670,15747,28529,41898,28243,29123,12791,28128,28246,15745,15896,1489,9185,28450,2250,38267,9040,27475,18455,8425,28644,11543,34909,4728,26097,12251,25550,10611,26094,11701,25839,25063,11447,12675,25700,42081,42083,42087,12117,12410,12109,25965,12111,13510,40510,13527,26345,13777,13925,20400,13025,13020,13998,395,677,41071,11841,13791,27028,10026,26630,13550,30852,35657,35798,35252,20044,1297,919,13806,27163,40307,1644,3597,2959,7907,21239,24273,13660,25950,


2） 用户特征属性文件
注：用户特征字段未知的均使用 0 表示。 每列特征取值都用加密后的 id 表示，均
为随机映射。 不同列的 id 取值区间会重复。 各字段使用制表符(\t)分隔，每列的具
体业务含义如下：
 用户 id：此处和上面曝光日志文件中的用户 id 关联
 年龄（Age）：每个取值随机映射为[1-N]的唯一 id5
 性别(Gender)：男/女
 地域(area)：每个省/市用唯一 id 标识，可能多标签，使用逗号分隔不同 id
 婚恋状态（Status）：单身/已婚等状态，可能去多值，使用逗号分隔
 学历(Education)：博士/硕士/本科/高中/初中/小学
 消费能力（ConsuptionAbility）：高/低
 设备（device）：IOS/Android, 不区分版本号
 工作状态（work）：在校大学生/商旅人士/政府公职人员/科研教育者/ IT 互联
网工作者/医护工作者, 可能取多值，逗号分隔
 连接类型(ConnectionType)：无线/2G/3G/4G
 行为兴趣(behavior)：每个兴趣点一个 id，可多值，逗号分隔
